0000
2222
0000
0000

0020
0020
0020
0020

0000
0000
2222
0000

0200
0200
0200
0200

2000
2220
0000
0000

0022
0020
0020
0000

0000
0000
0222
0002

0000
0200
0200
2200

0020
2220
0000
0000

0020
0020
0022
0000

0000
0000
0222
0200

0000
2200
0200
0200

2200
2200
0000
0000

0022
0022
0000
0000

0000
0000
0022
0022

0000
0000
2200
2200

0220
2200
0000
0000

0000
2000
2200
0200

0000
0000
0022
0220

0020
0022
0002
0000

0200
2220
0000
0000

0020
0022
0020
0000

0000
0000
0222
0020

0000
0200
2200
0200

2200
0220
0000
0000

0002
0022
0020
0000

0000
0000
0220
0022

0000
0200
2200
2000

